8.717616722943571927e-01 -3.241189628960760571e-01 -3.673941815131506194e-01 0.000000000000000000e+00
2.412827428983814748e-01 9.366734846240334367e-01 -2.538216326117702648e-01 0.000000000000000000e+00
4.263967925512332502e-01 1.326260950697220331e-01 8.947603557425741760e-01 0.000000000000000000e+00
0.000000000000000000e+00 0.000000000000000000e+00 0.000000000000000000e+00 1.000000000000000000e+00
