8.593368792738368400e-01 -3.600424174420359114e-01 -3.631935924027260287e-01 0.000000000000000000e+00
2.720552163711890126e-01 9.231915821202044681e-01 -2.714834469127330729e-01 0.000000000000000000e+00
4.330428237081506149e-01 1.344870266787392687e-01 8.912839909310517061e-01 0.000000000000000000e+00
0.000000000000000000e+00 0.000000000000000000e+00 0.000000000000000000e+00 1.000000000000000000e+00
