8.579060017783723957e-01 -3.578747185886294035e-01 -3.686773357663277739e-01 0.000000000000000000e+00
2.722800043841990814e-01 9.251612809907935331e-01 -2.644621019503832215e-01 0.000000000000000000e+00
4.357302965426995134e-01 1.265001579073470328e-01 8.911435455212740608e-01 0.000000000000000000e+00
0.000000000000000000e+00 0.000000000000000000e+00 0.000000000000000000e+00 1.000000000000000000e+00
