8.457419810042705599e-01 -2.140194005058238813e-01 4.887905459131757779e-01 0.000000000000000000e+00
2.067656105922120180e-01 9.759154849535365273e-01 6.954817398274568130e-02 0.000000000000000000e+00
-4.919029211576219085e-01 4.224526523804123662e-02 8.696245475615125287e-01 0.000000000000000000e+00
0.000000000000000000e+00 0.000000000000000000e+00 0.000000000000000000e+00 1.000000000000000000e+00
