8.234762898065901560e-01 2.426330055483216230e-01 5.128508796375034207e-01 0.000000000000000000e+00
-2.392949315116366382e-01 9.681381344541699630e-01 -7.380032769874148024e-02 0.000000000000000000e+00
-5.144168891854291603e-01 -6.194979607866895471e-02 8.552996474257411608e-01 0.000000000000000000e+00
0.000000000000000000e+00 0.000000000000000000e+00 0.000000000000000000e+00 1.000000000000000000e+00
