8.722750596140536050e-01 -3.348648729971685500e-01 -3.563730309772188964e-01 0.000000000000000000e+00
2.508676973856854286e-01 9.319771958519981192e-01 -2.616942964992745591e-01 0.000000000000000000e+00
4.197637654487391123e-01 1.388669263879498961e-01 8.969472436948897620e-01 0.000000000000000000e+00
0.000000000000000000e+00 0.000000000000000000e+00 0.000000000000000000e+00 1.000000000000000000e+00
